{
 "cells": [
  {
   "cell_type": "markdown",
   "id": "c0e3cedb",
   "metadata": {},
   "source": [
    "# Implementation will feature pyCombinatorial"
   ]
  },
  {
   "cell_type": "code",
   "execution_count": 1,
   "id": "6003bc59",
   "metadata": {},
   "outputs": [
    {
     "name": "stdout",
     "output_type": "stream",
     "text": [
      "Requirement already satisfied: pyCombinatorial in c:\\users\\admin\\anaconda3\\lib\\site-packages (2.0.0)\n",
      "Requirement already satisfied: folium in c:\\users\\admin\\anaconda3\\lib\\site-packages (from pyCombinatorial) (0.14.0)\n",
      "Requirement already satisfied: networkx in c:\\users\\admin\\anaconda3\\lib\\site-packages (from pyCombinatorial) (2.8.4)\n",
      "Requirement already satisfied: numpy in c:\\users\\admin\\anaconda3\\lib\\site-packages (from pyCombinatorial) (1.24.3)\n",
      "Requirement already satisfied: plotly in c:\\users\\admin\\anaconda3\\lib\\site-packages (from pyCombinatorial) (5.9.0)\n",
      "Requirement already satisfied: scipy in c:\\users\\admin\\anaconda3\\lib\\site-packages (from pyCombinatorial) (1.10.1)\n",
      "Requirement already satisfied: branca>=0.6.0 in c:\\users\\admin\\anaconda3\\lib\\site-packages (from folium->pyCombinatorial) (0.6.0)\n",
      "Requirement already satisfied: jinja2>=2.9 in c:\\users\\admin\\anaconda3\\lib\\site-packages (from folium->pyCombinatorial) (3.1.2)\n",
      "Requirement already satisfied: requests in c:\\users\\admin\\anaconda3\\lib\\site-packages (from folium->pyCombinatorial) (2.29.0)\n",
      "Requirement already satisfied: tenacity>=6.2.0 in c:\\users\\admin\\anaconda3\\lib\\site-packages (from plotly->pyCombinatorial) (8.2.2)\n",
      "Requirement already satisfied: MarkupSafe>=2.0 in c:\\users\\admin\\anaconda3\\lib\\site-packages (from jinja2>=2.9->folium->pyCombinatorial) (2.1.1)\n",
      "Requirement already satisfied: charset-normalizer<4,>=2 in c:\\users\\admin\\anaconda3\\lib\\site-packages (from requests->folium->pyCombinatorial) (2.0.4)\n",
      "Requirement already satisfied: idna<4,>=2.5 in c:\\users\\admin\\anaconda3\\lib\\site-packages (from requests->folium->pyCombinatorial) (3.4)\n",
      "Requirement already satisfied: urllib3<1.27,>=1.21.1 in c:\\users\\admin\\anaconda3\\lib\\site-packages (from requests->folium->pyCombinatorial) (1.26.16)\n",
      "Requirement already satisfied: certifi>=2017.4.17 in c:\\users\\admin\\anaconda3\\lib\\site-packages (from requests->folium->pyCombinatorial) (2023.5.7)\n",
      "Note: you may need to restart the kernel to use updated packages.\n"
     ]
    },
    {
     "name": "stderr",
     "output_type": "stream",
     "text": [
      "\n",
      "[notice] A new release of pip is available: 24.2 -> 25.1.1\n",
      "[notice] To update, run: python.exe -m pip install --upgrade pip\n"
     ]
    }
   ],
   "source": [
    "pip install pyCombinatorial"
   ]
  },
  {
   "cell_type": "code",
   "execution_count": 3,
   "id": "bb399d70",
   "metadata": {},
   "outputs": [],
   "source": [
    "# libraries\n",
    "import numpy as np\n",
    "import pandas as pd\n",
    "import matplotlib.pyplot as plt\n",
    "import time\n",
    "from pyCombinatorial.utils import graphs, util\n",
    "from scipy.spatial.distance import cdist\n",
    "import os\n",
    "\n",
    "# algorithm\n",
    "from pyCombinatorial.algorithm import ant_colony_optimization"
   ]
  },
  {
   "cell_type": "code",
   "execution_count": 4,
   "id": "cbe2fb2f",
   "metadata": {},
   "outputs": [],
   "source": [
    "def generate_cities(n, seed=42):\n",
    "    np.random.seed(seed)\n",
    "    return np.random.uniform(0, 500, size=(n, 2))\n",
    "\n",
    "def display_distance_matrix(matrix):\n",
    "    df = pd.DataFrame(matrix)\n",
    "    print(df.round(2))\n",
    "    \n",
    "def create_distance_matrix(cities):\n",
    "    return cdist(cities, cities, metric='euclidean')"
   ]
  },
  {
   "cell_type": "code",
   "execution_count": 5,
   "id": "3f152089",
   "metadata": {},
   "outputs": [
    {
     "data": {
      "text/html": [
       "<div>\n",
       "<style scoped>\n",
       "    .dataframe tbody tr th:only-of-type {\n",
       "        vertical-align: middle;\n",
       "    }\n",
       "\n",
       "    .dataframe tbody tr th {\n",
       "        vertical-align: top;\n",
       "    }\n",
       "\n",
       "    .dataframe thead th {\n",
       "        text-align: right;\n",
       "    }\n",
       "</style>\n",
       "<table border=\"1\" class=\"dataframe\">\n",
       "  <thead>\n",
       "    <tr style=\"text-align: right;\">\n",
       "      <th></th>\n",
       "      <th>0</th>\n",
       "      <th>1</th>\n",
       "      <th>2</th>\n",
       "      <th>3</th>\n",
       "      <th>4</th>\n",
       "      <th>5</th>\n",
       "      <th>6</th>\n",
       "      <th>7</th>\n",
       "      <th>8</th>\n",
       "      <th>9</th>\n",
       "      <th>10</th>\n",
       "      <th>11</th>\n",
       "      <th>12</th>\n",
       "      <th>13</th>\n",
       "      <th>14</th>\n",
       "      <th>15</th>\n",
       "      <th>16</th>\n",
       "      <th>17</th>\n",
       "      <th>18</th>\n",
       "      <th>19</th>\n",
       "    </tr>\n",
       "  </thead>\n",
       "  <tbody>\n",
       "    <tr>\n",
       "      <th>0</th>\n",
       "      <td>0.00</td>\n",
       "      <td>250.86</td>\n",
       "      <td>412.11</td>\n",
       "      <td>163.78</td>\n",
       "      <td>165.99</td>\n",
       "      <td>177.24</td>\n",
       "      <td>434.42</td>\n",
       "      <td>395.57</td>\n",
       "      <td>215.86</td>\n",
       "      <td>330.99</td>\n",
       "      <td>422.61</td>\n",
       "      <td>295.07</td>\n",
       "      <td>92.26</td>\n",
       "      <td>235.10</td>\n",
       "      <td>465.07</td>\n",
       "      <td>407.12</td>\n",
       "      <td>154.75</td>\n",
       "      <td>303.99</td>\n",
       "      <td>427.95</td>\n",
       "      <td>298.57</td>\n",
       "    </tr>\n",
       "    <tr>\n",
       "      <th>1</th>\n",
       "      <td>250.86</td>\n",
       "      <td>0.00</td>\n",
       "      <td>363.21</td>\n",
       "      <td>362.53</td>\n",
       "      <td>85.29</td>\n",
       "      <td>401.23</td>\n",
       "      <td>199.58</td>\n",
       "      <td>344.65</td>\n",
       "      <td>217.04</td>\n",
       "      <td>214.79</td>\n",
       "      <td>237.31</td>\n",
       "      <td>248.71</td>\n",
       "      <td>166.53</td>\n",
       "      <td>269.49</td>\n",
       "      <td>284.79</td>\n",
       "      <td>222.93</td>\n",
       "      <td>376.65</td>\n",
       "      <td>156.98</td>\n",
       "      <td>329.26</td>\n",
       "      <td>82.77</td>\n",
       "    </tr>\n",
       "    <tr>\n",
       "      <th>2</th>\n",
       "      <td>412.11</td>\n",
       "      <td>363.21</td>\n",
       "      <td>0.00</td>\n",
       "      <td>358.45</td>\n",
       "      <td>354.58</td>\n",
       "      <td>412.55</td>\n",
       "      <td>339.38</td>\n",
       "      <td>18.82</td>\n",
       "      <td>198.72</td>\n",
       "      <td>153.64</td>\n",
       "      <td>228.07</td>\n",
       "      <td>125.28</td>\n",
       "      <td>348.53</td>\n",
       "      <td>180.45</td>\n",
       "      <td>224.97</td>\n",
       "      <td>225.88</td>\n",
       "      <td>399.05</td>\n",
       "      <td>519.88</td>\n",
       "      <td>79.82</td>\n",
       "      <td>299.90</td>\n",
       "    </tr>\n",
       "    <tr>\n",
       "      <th>3</th>\n",
       "      <td>163.78</td>\n",
       "      <td>362.53</td>\n",
       "      <td>358.45</td>\n",
       "      <td>0.00</td>\n",
       "      <td>282.79</td>\n",
       "      <td>55.15</td>\n",
       "      <td>506.74</td>\n",
       "      <td>346.95</td>\n",
       "      <td>210.45</td>\n",
       "      <td>342.91</td>\n",
       "      <td>456.82</td>\n",
       "      <td>275.95</td>\n",
       "      <td>203.07</td>\n",
       "      <td>189.68</td>\n",
       "      <td>489.25</td>\n",
       "      <td>443.24</td>\n",
       "      <td>41.50</td>\n",
       "      <td>454.69</td>\n",
       "      <td>403.54</td>\n",
       "      <td>378.67</td>\n",
       "    </tr>\n",
       "    <tr>\n",
       "      <th>4</th>\n",
       "      <td>165.99</td>\n",
       "      <td>85.29</td>\n",
       "      <td>354.58</td>\n",
       "      <td>282.79</td>\n",
       "      <td>0.00</td>\n",
       "      <td>318.42</td>\n",
       "      <td>273.53</td>\n",
       "      <td>335.81</td>\n",
       "      <td>174.46</td>\n",
       "      <td>224.93</td>\n",
       "      <td>284.34</td>\n",
       "      <td>230.34</td>\n",
       "      <td>82.13</td>\n",
       "      <td>222.89</td>\n",
       "      <td>330.84</td>\n",
       "      <td>268.79</td>\n",
       "      <td>293.83</td>\n",
       "      <td>189.04</td>\n",
       "      <td>339.30</td>\n",
       "      <td>140.26</td>\n",
       "    </tr>\n",
       "    <tr>\n",
       "      <th>5</th>\n",
       "      <td>177.24</td>\n",
       "      <td>401.23</td>\n",
       "      <td>412.55</td>\n",
       "      <td>55.15</td>\n",
       "      <td>318.42</td>\n",
       "      <td>0.00</td>\n",
       "      <td>555.21</td>\n",
       "      <td>401.43</td>\n",
       "      <td>263.92</td>\n",
       "      <td>396.81</td>\n",
       "      <td>509.70</td>\n",
       "      <td>330.91</td>\n",
       "      <td>236.52</td>\n",
       "      <td>244.80</td>\n",
       "      <td>543.09</td>\n",
       "      <td>495.87</td>\n",
       "      <td>24.59</td>\n",
       "      <td>479.37</td>\n",
       "      <td>458.66</td>\n",
       "      <td>424.58</td>\n",
       "    </tr>\n",
       "    <tr>\n",
       "      <th>6</th>\n",
       "      <td>434.42</td>\n",
       "      <td>199.58</td>\n",
       "      <td>339.38</td>\n",
       "      <td>506.74</td>\n",
       "      <td>273.53</td>\n",
       "      <td>555.21</td>\n",
       "      <td>0.00</td>\n",
       "      <td>325.63</td>\n",
       "      <td>306.84</td>\n",
       "      <td>204.10</td>\n",
       "      <td>116.15</td>\n",
       "      <td>280.91</td>\n",
       "      <td>342.71</td>\n",
       "      <td>350.55</td>\n",
       "      <td>145.89</td>\n",
       "      <td>114.38</td>\n",
       "      <td>531.83</td>\n",
       "      <td>305.38</td>\n",
       "      <td>270.07</td>\n",
       "      <td>135.89</td>\n",
       "    </tr>\n",
       "    <tr>\n",
       "      <th>7</th>\n",
       "      <td>395.57</td>\n",
       "      <td>344.65</td>\n",
       "      <td>18.82</td>\n",
       "      <td>346.95</td>\n",
       "      <td>335.81</td>\n",
       "      <td>401.43</td>\n",
       "      <td>325.63</td>\n",
       "      <td>0.00</td>\n",
       "      <td>181.32</td>\n",
       "      <td>136.19</td>\n",
       "      <td>216.13</td>\n",
       "      <td>106.82</td>\n",
       "      <td>330.66</td>\n",
       "      <td>165.66</td>\n",
       "      <td>216.41</td>\n",
       "      <td>212.96</td>\n",
       "      <td>387.17</td>\n",
       "      <td>501.24</td>\n",
       "      <td>74.88</td>\n",
       "      <td>282.11</td>\n",
       "    </tr>\n",
       "    <tr>\n",
       "      <th>8</th>\n",
       "      <td>215.86</td>\n",
       "      <td>217.04</td>\n",
       "      <td>198.72</td>\n",
       "      <td>210.45</td>\n",
       "      <td>174.46</td>\n",
       "      <td>263.92</td>\n",
       "      <td>306.84</td>\n",
       "      <td>181.32</td>\n",
       "      <td>0.00</td>\n",
       "      <td>133.08</td>\n",
       "      <td>246.50</td>\n",
       "      <td>79.43</td>\n",
       "      <td>150.72</td>\n",
       "      <td>52.55</td>\n",
       "      <td>279.20</td>\n",
       "      <td>233.17</td>\n",
       "      <td>243.46</td>\n",
       "      <td>359.82</td>\n",
       "      <td>213.54</td>\n",
       "      <td>194.65</td>\n",
       "    </tr>\n",
       "    <tr>\n",
       "      <th>9</th>\n",
       "      <td>330.99</td>\n",
       "      <td>214.79</td>\n",
       "      <td>153.64</td>\n",
       "      <td>342.91</td>\n",
       "      <td>224.93</td>\n",
       "      <td>396.81</td>\n",
       "      <td>204.10</td>\n",
       "      <td>136.19</td>\n",
       "      <td>133.08</td>\n",
       "      <td>0.00</td>\n",
       "      <td>117.68</td>\n",
       "      <td>79.36</td>\n",
       "      <td>247.27</td>\n",
       "      <td>161.00</td>\n",
       "      <td>146.34</td>\n",
       "      <td>106.54</td>\n",
       "      <td>376.54</td>\n",
       "      <td>371.58</td>\n",
       "      <td>115.84</td>\n",
       "      <td>146.48</td>\n",
       "    </tr>\n",
       "    <tr>\n",
       "      <th>10</th>\n",
       "      <td>422.61</td>\n",
       "      <td>237.31</td>\n",
       "      <td>228.07</td>\n",
       "      <td>456.82</td>\n",
       "      <td>284.34</td>\n",
       "      <td>509.70</td>\n",
       "      <td>116.15</td>\n",
       "      <td>216.13</td>\n",
       "      <td>246.50</td>\n",
       "      <td>117.68</td>\n",
       "      <td>0.00</td>\n",
       "      <td>196.01</td>\n",
       "      <td>332.10</td>\n",
       "      <td>278.53</td>\n",
       "      <td>47.53</td>\n",
       "      <td>15.66</td>\n",
       "      <td>488.39</td>\n",
       "      <td>378.35</td>\n",
       "      <td>155.04</td>\n",
       "      <td>154.62</td>\n",
       "    </tr>\n",
       "    <tr>\n",
       "      <th>11</th>\n",
       "      <td>295.07</td>\n",
       "      <td>248.71</td>\n",
       "      <td>125.28</td>\n",
       "      <td>275.95</td>\n",
       "      <td>230.34</td>\n",
       "      <td>330.91</td>\n",
       "      <td>280.91</td>\n",
       "      <td>106.82</td>\n",
       "      <td>79.43</td>\n",
       "      <td>79.36</td>\n",
       "      <td>196.01</td>\n",
       "      <td>0.00</td>\n",
       "      <td>224.88</td>\n",
       "      <td>87.20</td>\n",
       "      <td>219.38</td>\n",
       "      <td>185.63</td>\n",
       "      <td>312.61</td>\n",
       "      <td>402.80</td>\n",
       "      <td>134.49</td>\n",
       "      <td>199.49</td>\n",
       "    </tr>\n",
       "    <tr>\n",
       "      <th>12</th>\n",
       "      <td>92.26</td>\n",
       "      <td>166.53</td>\n",
       "      <td>348.53</td>\n",
       "      <td>203.07</td>\n",
       "      <td>82.13</td>\n",
       "      <td>236.52</td>\n",
       "      <td>342.71</td>\n",
       "      <td>330.66</td>\n",
       "      <td>150.72</td>\n",
       "      <td>247.27</td>\n",
       "      <td>332.10</td>\n",
       "      <td>224.88</td>\n",
       "      <td>0.00</td>\n",
       "      <td>186.51</td>\n",
       "      <td>375.60</td>\n",
       "      <td>316.52</td>\n",
       "      <td>211.95</td>\n",
       "      <td>255.05</td>\n",
       "      <td>351.99</td>\n",
       "      <td>206.82</td>\n",
       "    </tr>\n",
       "    <tr>\n",
       "      <th>13</th>\n",
       "      <td>235.10</td>\n",
       "      <td>269.49</td>\n",
       "      <td>180.45</td>\n",
       "      <td>189.68</td>\n",
       "      <td>222.89</td>\n",
       "      <td>244.80</td>\n",
       "      <td>350.55</td>\n",
       "      <td>165.66</td>\n",
       "      <td>52.55</td>\n",
       "      <td>161.00</td>\n",
       "      <td>278.53</td>\n",
       "      <td>87.20</td>\n",
       "      <td>186.51</td>\n",
       "      <td>0.00</td>\n",
       "      <td>305.40</td>\n",
       "      <td>266.69</td>\n",
       "      <td>227.51</td>\n",
       "      <td>410.25</td>\n",
       "      <td>214.79</td>\n",
       "      <td>245.09</td>\n",
       "    </tr>\n",
       "    <tr>\n",
       "      <th>14</th>\n",
       "      <td>465.07</td>\n",
       "      <td>284.79</td>\n",
       "      <td>224.97</td>\n",
       "      <td>489.25</td>\n",
       "      <td>330.84</td>\n",
       "      <td>543.09</td>\n",
       "      <td>145.89</td>\n",
       "      <td>216.41</td>\n",
       "      <td>279.20</td>\n",
       "      <td>146.34</td>\n",
       "      <td>47.53</td>\n",
       "      <td>219.38</td>\n",
       "      <td>375.60</td>\n",
       "      <td>305.40</td>\n",
       "      <td>0.00</td>\n",
       "      <td>62.50</td>\n",
       "      <td>522.61</td>\n",
       "      <td>424.22</td>\n",
       "      <td>146.16</td>\n",
       "      <td>202.13</td>\n",
       "    </tr>\n",
       "    <tr>\n",
       "      <th>15</th>\n",
       "      <td>407.12</td>\n",
       "      <td>222.93</td>\n",
       "      <td>225.88</td>\n",
       "      <td>443.24</td>\n",
       "      <td>268.79</td>\n",
       "      <td>495.87</td>\n",
       "      <td>114.38</td>\n",
       "      <td>212.96</td>\n",
       "      <td>233.17</td>\n",
       "      <td>106.54</td>\n",
       "      <td>15.66</td>\n",
       "      <td>185.63</td>\n",
       "      <td>316.52</td>\n",
       "      <td>266.69</td>\n",
       "      <td>62.50</td>\n",
       "      <td>0.00</td>\n",
       "      <td>474.38</td>\n",
       "      <td>365.76</td>\n",
       "      <td>155.78</td>\n",
       "      <td>140.16</td>\n",
       "    </tr>\n",
       "    <tr>\n",
       "      <th>16</th>\n",
       "      <td>154.75</td>\n",
       "      <td>376.65</td>\n",
       "      <td>399.05</td>\n",
       "      <td>41.50</td>\n",
       "      <td>293.83</td>\n",
       "      <td>24.59</td>\n",
       "      <td>531.83</td>\n",
       "      <td>387.17</td>\n",
       "      <td>243.46</td>\n",
       "      <td>376.54</td>\n",
       "      <td>488.39</td>\n",
       "      <td>312.61</td>\n",
       "      <td>211.95</td>\n",
       "      <td>227.51</td>\n",
       "      <td>522.61</td>\n",
       "      <td>474.38</td>\n",
       "      <td>0.00</td>\n",
       "      <td>455.74</td>\n",
       "      <td>442.14</td>\n",
       "      <td>400.69</td>\n",
       "    </tr>\n",
       "    <tr>\n",
       "      <th>17</th>\n",
       "      <td>303.99</td>\n",
       "      <td>156.98</td>\n",
       "      <td>519.88</td>\n",
       "      <td>454.69</td>\n",
       "      <td>189.04</td>\n",
       "      <td>479.37</td>\n",
       "      <td>305.38</td>\n",
       "      <td>501.24</td>\n",
       "      <td>359.82</td>\n",
       "      <td>371.58</td>\n",
       "      <td>378.35</td>\n",
       "      <td>402.80</td>\n",
       "      <td>255.05</td>\n",
       "      <td>410.25</td>\n",
       "      <td>424.22</td>\n",
       "      <td>365.76</td>\n",
       "      <td>455.74</td>\n",
       "      <td>0.00</td>\n",
       "      <td>485.30</td>\n",
       "      <td>231.73</td>\n",
       "    </tr>\n",
       "    <tr>\n",
       "      <th>18</th>\n",
       "      <td>427.95</td>\n",
       "      <td>329.26</td>\n",
       "      <td>79.82</td>\n",
       "      <td>403.54</td>\n",
       "      <td>339.30</td>\n",
       "      <td>458.66</td>\n",
       "      <td>270.07</td>\n",
       "      <td>74.88</td>\n",
       "      <td>213.54</td>\n",
       "      <td>115.84</td>\n",
       "      <td>155.04</td>\n",
       "      <td>134.49</td>\n",
       "      <td>351.99</td>\n",
       "      <td>214.79</td>\n",
       "      <td>146.16</td>\n",
       "      <td>155.78</td>\n",
       "      <td>442.14</td>\n",
       "      <td>485.30</td>\n",
       "      <td>0.00</td>\n",
       "      <td>255.64</td>\n",
       "    </tr>\n",
       "    <tr>\n",
       "      <th>19</th>\n",
       "      <td>298.57</td>\n",
       "      <td>82.77</td>\n",
       "      <td>299.90</td>\n",
       "      <td>378.67</td>\n",
       "      <td>140.26</td>\n",
       "      <td>424.58</td>\n",
       "      <td>135.89</td>\n",
       "      <td>282.11</td>\n",
       "      <td>194.65</td>\n",
       "      <td>146.48</td>\n",
       "      <td>154.62</td>\n",
       "      <td>199.49</td>\n",
       "      <td>206.82</td>\n",
       "      <td>245.09</td>\n",
       "      <td>202.13</td>\n",
       "      <td>140.16</td>\n",
       "      <td>400.69</td>\n",
       "      <td>231.73</td>\n",
       "      <td>255.64</td>\n",
       "      <td>0.00</td>\n",
       "    </tr>\n",
       "  </tbody>\n",
       "</table>\n",
       "</div>"
      ],
      "text/plain": [
       "        0       1       2       3       4       5       6       7       8   \\\n",
       "0     0.00  250.86  412.11  163.78  165.99  177.24  434.42  395.57  215.86   \n",
       "1   250.86    0.00  363.21  362.53   85.29  401.23  199.58  344.65  217.04   \n",
       "2   412.11  363.21    0.00  358.45  354.58  412.55  339.38   18.82  198.72   \n",
       "3   163.78  362.53  358.45    0.00  282.79   55.15  506.74  346.95  210.45   \n",
       "4   165.99   85.29  354.58  282.79    0.00  318.42  273.53  335.81  174.46   \n",
       "5   177.24  401.23  412.55   55.15  318.42    0.00  555.21  401.43  263.92   \n",
       "6   434.42  199.58  339.38  506.74  273.53  555.21    0.00  325.63  306.84   \n",
       "7   395.57  344.65   18.82  346.95  335.81  401.43  325.63    0.00  181.32   \n",
       "8   215.86  217.04  198.72  210.45  174.46  263.92  306.84  181.32    0.00   \n",
       "9   330.99  214.79  153.64  342.91  224.93  396.81  204.10  136.19  133.08   \n",
       "10  422.61  237.31  228.07  456.82  284.34  509.70  116.15  216.13  246.50   \n",
       "11  295.07  248.71  125.28  275.95  230.34  330.91  280.91  106.82   79.43   \n",
       "12   92.26  166.53  348.53  203.07   82.13  236.52  342.71  330.66  150.72   \n",
       "13  235.10  269.49  180.45  189.68  222.89  244.80  350.55  165.66   52.55   \n",
       "14  465.07  284.79  224.97  489.25  330.84  543.09  145.89  216.41  279.20   \n",
       "15  407.12  222.93  225.88  443.24  268.79  495.87  114.38  212.96  233.17   \n",
       "16  154.75  376.65  399.05   41.50  293.83   24.59  531.83  387.17  243.46   \n",
       "17  303.99  156.98  519.88  454.69  189.04  479.37  305.38  501.24  359.82   \n",
       "18  427.95  329.26   79.82  403.54  339.30  458.66  270.07   74.88  213.54   \n",
       "19  298.57   82.77  299.90  378.67  140.26  424.58  135.89  282.11  194.65   \n",
       "\n",
       "        9       10      11      12      13      14      15      16      17  \\\n",
       "0   330.99  422.61  295.07   92.26  235.10  465.07  407.12  154.75  303.99   \n",
       "1   214.79  237.31  248.71  166.53  269.49  284.79  222.93  376.65  156.98   \n",
       "2   153.64  228.07  125.28  348.53  180.45  224.97  225.88  399.05  519.88   \n",
       "3   342.91  456.82  275.95  203.07  189.68  489.25  443.24   41.50  454.69   \n",
       "4   224.93  284.34  230.34   82.13  222.89  330.84  268.79  293.83  189.04   \n",
       "5   396.81  509.70  330.91  236.52  244.80  543.09  495.87   24.59  479.37   \n",
       "6   204.10  116.15  280.91  342.71  350.55  145.89  114.38  531.83  305.38   \n",
       "7   136.19  216.13  106.82  330.66  165.66  216.41  212.96  387.17  501.24   \n",
       "8   133.08  246.50   79.43  150.72   52.55  279.20  233.17  243.46  359.82   \n",
       "9     0.00  117.68   79.36  247.27  161.00  146.34  106.54  376.54  371.58   \n",
       "10  117.68    0.00  196.01  332.10  278.53   47.53   15.66  488.39  378.35   \n",
       "11   79.36  196.01    0.00  224.88   87.20  219.38  185.63  312.61  402.80   \n",
       "12  247.27  332.10  224.88    0.00  186.51  375.60  316.52  211.95  255.05   \n",
       "13  161.00  278.53   87.20  186.51    0.00  305.40  266.69  227.51  410.25   \n",
       "14  146.34   47.53  219.38  375.60  305.40    0.00   62.50  522.61  424.22   \n",
       "15  106.54   15.66  185.63  316.52  266.69   62.50    0.00  474.38  365.76   \n",
       "16  376.54  488.39  312.61  211.95  227.51  522.61  474.38    0.00  455.74   \n",
       "17  371.58  378.35  402.80  255.05  410.25  424.22  365.76  455.74    0.00   \n",
       "18  115.84  155.04  134.49  351.99  214.79  146.16  155.78  442.14  485.30   \n",
       "19  146.48  154.62  199.49  206.82  245.09  202.13  140.16  400.69  231.73   \n",
       "\n",
       "        18      19  \n",
       "0   427.95  298.57  \n",
       "1   329.26   82.77  \n",
       "2    79.82  299.90  \n",
       "3   403.54  378.67  \n",
       "4   339.30  140.26  \n",
       "5   458.66  424.58  \n",
       "6   270.07  135.89  \n",
       "7    74.88  282.11  \n",
       "8   213.54  194.65  \n",
       "9   115.84  146.48  \n",
       "10  155.04  154.62  \n",
       "11  134.49  199.49  \n",
       "12  351.99  206.82  \n",
       "13  214.79  245.09  \n",
       "14  146.16  202.13  \n",
       "15  155.78  140.16  \n",
       "16  442.14  400.69  \n",
       "17  485.30  231.73  \n",
       "18    0.00  255.64  \n",
       "19  255.64    0.00  "
      ]
     },
     "execution_count": 5,
     "metadata": {},
     "output_type": "execute_result"
    }
   ],
   "source": [
    "cities = generate_cities(20)\n",
    "dist_matrix = create_distance_matrix(cities)\n",
    "pd.DataFrame(dist_matrix).round(2)"
   ]
  },
  {
   "cell_type": "code",
   "execution_count": 5,
   "id": "e8da44ef",
   "metadata": {},
   "outputs": [],
   "source": [
    "# This implementation thus far is for undirected TSP as dist_matrix[i][j] == dist_matrix[j][i])\n",
    "# Later on I might make it an asymmetric distance matrix, as in dist_matrix[i][j] ≠ dist_matrix[j][i]"
   ]
  },
  {
   "cell_type": "code",
   "execution_count": 6,
   "id": "23f79b96",
   "metadata": {},
   "outputs": [],
   "source": [
    "# aco parameters\n",
    "def run_ant_colony(city_size, iterations=100, verbose=False):\n",
    "    cities = generate_cities(city_size, seed=42)\n",
    "    dist_matrix = create_distance_matrix(cities)\n",
    "    \n",
    "    # Parameters\n",
    "    parameters = {\n",
    "        'ants': min(50, max(10, city_size*2)),  # Scale colony size with problem\n",
    "        'iterations': iterations,\n",
    "        'alpha': 1,      # Pheromone \n",
    "        'beta': 2,        # Distance\n",
    "        'decay': 0.05,    # Pheromone decay\n",
    "        'local_search': True,  # local search improvement\n",
    "        'verbose': verbose\n",
    "    }\n",
    "    \n",
    "    start_time = time.time()\n",
    "    route, distance = ant_colony_optimization(dist_matrix, **parameters)\n",
    "    runtime = (time.time() - start_time) * 1000  # Convert to ms\n",
    "    \n",
    "    return distance, runtime, route"
   ]
  },
  {
   "cell_type": "code",
   "execution_count": 11,
   "id": "0ef1b327",
   "metadata": {},
   "outputs": [
    {
     "name": "stdout",
     "output_type": "stream",
     "text": [
      "starting\n",
      "\n",
      "Processing 6 cities (1 samples, 100 iterations)...\n",
      "Sample 1: 691.00 ms | Distance: 1205.34\n",
      "\n",
      "Finished\n",
      "    cities distance  runtime_ms  iterations  samples\n",
      "0        4  1136.30      223.11       100.0       13\n",
      "1        8  1386.16      681.03       100.0       13\n",
      "2       12  1486.25     1245.94        50.0        8\n",
      "3       16  1608.22     2303.78        50.0        8\n",
      "4       10  1451.53     1531.19       100.0        6\n",
      "5       20  1932.15     4025.21        50.0        8\n",
      "6       50  2837.05    45294.66       100.0        6\n",
      "7      100  3952.39   273073.65       100.0        1\n",
      "8       35  2323.42    21539.58       100.0        6\n",
      "9       70  3335.46   107477.61       100.0        1\n",
      "10      85  3578.81   171747.97       100.0        1\n",
      "11      23  2025.73     9448.91       100.0        6\n",
      "12      24  2033.59    10377.54       100.0        6\n",
      "13      25  2036.54    11515.33       100.0        6\n",
      "14      28  2178.64    14081.62       100.0        6\n",
      "15      30  2292.67    16327.80       100.0        6\n",
      "16      32  2307.22    17653.51       100.0        6\n",
      "17      36  2313.43    22215.39       100.0        6\n",
      "18      40  2475.76    29337.64       100.0        6\n",
      "19      44  2515.90    33446.73       100.0        6\n",
      "20      45  2697.04    35618.09       100.0        6\n",
      "21      48  2656.99    41504.88       100.0        6\n",
      "22      60  3049.06    72645.16         NaN        1\n",
      "23      80  3476.44   142978.14         NaN        1\n",
      "24      90  3856.06   197743.57         NaN        1\n",
      "25      21  1970.68     7363.21       100.0        5\n",
      "26      22  1971.21     9106.46       100.0        5\n",
      "27      15  1602.63     3433.79       100.0        5\n",
      "28      17  1610.33     4542.19       100.0        5\n",
      "29      18  1871.05     5064.90       100.0        5\n",
      "30      19  1913.07     5720.10       100.0        5\n",
      "31       5  1136.73      433.13       100.0        5\n",
      "32       6  1205.34      537.25       100.0        6\n",
      "33       7  1381.09      759.15       100.0        5\n",
      "34       9  1433.24     1175.26       100.0        5\n",
      "35      11  1481.27     1689.18       100.0        5\n",
      "36      13  1494.66     2400.98       100.0        5\n",
      "37      14  1526.43     2842.90       100.0        5\n",
      "38     125  4344.45   615437.43       100.0        1\n",
      "39     150  4926.40   838043.88       100.0        1\n",
      "40     175  5398.10  1318139.02       100.0        1\n",
      "41     200  5643.42  1997431.59       100.0        1\n",
      "42      26  2044.28    12201.42       100.0        1\n",
      "43      27  2093.64    12265.69       100.0        1\n",
      "44      29  2238.88    14149.36       100.0        1\n",
      "45      31  2287.46    15480.34       100.0        1\n",
      "46      33  2293.97    17915.35       100.0        1\n",
      "47      34  2294.72    18930.47       100.0        1\n",
      "48      37  2408.24    22544.11       100.0        1\n",
      "49      38  2411.77    23728.33       100.0        1\n",
      "50      39  2455.26    24650.15       100.0        1\n"
     ]
    }
   ],
   "source": [
    "# path\n",
    "aco_results_file = \"aco_results.csv\"\n",
    "# number of samples\n",
    "num_samples = 1\n",
    "# city sizes that will be tested\n",
    "aco_sizes = [6]\n",
    "# seed\n",
    "fixed_seed = 42\n",
    "\n",
    "if os.path.exists(aco_results_file):\n",
    "    aco_df = pd.read_csv(aco_results_file)\n",
    "    if 'samples' not in aco_df.columns:\n",
    "        aco_df['samples'] = 1\n",
    "    print(\"starting\")\n",
    "else:\n",
    "    aco_df = pd.DataFrame(columns=['cities', 'distance', 'runtime_ms', 'iterations', 'samples'])\n",
    "    print(\"starting benchmark\")\n",
    "\n",
    "for size in aco_sizes:\n",
    "    iterations = 100 if size <= 100 else 100\n",
    "    \n",
    "    print(f\"\\nProcessing {size} cities ({num_samples} samples, {iterations} iterations)...\")\n",
    "    \n",
    "    # arrays\n",
    "    runtimes = []\n",
    "    distances = []\n",
    "    \n",
    "    for sample in range(num_samples):\n",
    "        try:\n",
    "            cities = generate_cities(size, seed=fixed_seed)\n",
    "            dist_matrix = create_distance_matrix(cities)\n",
    "            \n",
    "            start = time.time()\n",
    "            distance, runtime, route = run_ant_colony(\n",
    "                size,\n",
    "                iterations=iterations,\n",
    "                verbose=False\n",
    "            )\n",
    "            runtime = (time.time() - start) * 1000 \n",
    "            \n",
    "            runtimes.append(runtime)\n",
    "            distances.append(distance)\n",
    "            \n",
    "            print(f\"Sample {sample+1}: {runtime:.2f} ms | Distance: {distance:.2f}\")\n",
    "            \n",
    "        except Exception as e:\n",
    "            print(f\"Error in sample {sample+1}: {e}\")\n",
    "            continue\n",
    "    \n",
    "    if runtimes: \n",
    "        avg_runtime = round(np.mean(runtimes), 2)\n",
    "        avg_distance = round(np.mean(distances), 2)\n",
    "        \n",
    "        existing = aco_df[aco_df['cities'] == size]\n",
    "        \n",
    "        if not existing.empty:\n",
    "            old_samples = existing['samples'].values[0]\n",
    "            old_runtime = existing['runtime_ms'].values[0]\n",
    "            old_distance = existing['distance'].values[0]\n",
    "            \n",
    "            total_samples = old_samples + len(runtimes)\n",
    "            new_runtime = round((old_runtime * old_samples + avg_runtime * len(runtimes)) / total_samples, 2)\n",
    "            new_distance = round((old_distance * old_samples + avg_distance * len(runtimes)) / total_samples, 2)\n",
    "            \n",
    "            aco_df.loc[aco_df['cities'] == size, ['runtime_ms', 'distance', 'iterations', 'samples']] = [\n",
    "                new_runtime, new_distance, iterations, total_samples\n",
    "            ]\n",
    "        else:\n",
    "            # new entry\n",
    "            new_row = pd.DataFrame([{\n",
    "                'cities': size,\n",
    "                'distance': avg_distance,\n",
    "                'runtime_ms': avg_runtime,\n",
    "                'iterations': iterations,\n",
    "                'samples': len(runtimes)\n",
    "            }])\n",
    "            aco_df = pd.concat([aco_df, new_row], ignore_index=True)\n",
    "        \n",
    "        # 2 dp precision\n",
    "        aco_df['distance'] = aco_df['distance'].apply(lambda x: round(float(x), 2))\n",
    "        aco_df['runtime_ms'] = aco_df['runtime_ms'].apply(lambda x: round(float(x), 2))\n",
    "        aco_df.to_csv(aco_results_file, index=False, float_format='%.2f')\n",
    "        \n",
    "        # display variance\n",
    "        if len(runtimes) > 1:\n",
    "            dist_std = round(np.std(distances), 2)\n",
    "            time_std = round(np.std(runtimes), 2)\n",
    "            print(f\"Stats for {size} cities:\")\n",
    "            print(f\"Distance std: ±{dist_std:.2f} | Runtime std: ±{time_std:.2f} ms\")\n",
    "\n",
    "# output\n",
    "aco_df['distance'] = aco_df['distance'].map('{:.2f}'.format)\n",
    "aco_df['runtime_ms'] = aco_df['runtime_ms'].map('{:.2f}'.format)\n",
    "print(\"\\nFinished\")\n",
    "print(aco_df[['cities', 'distance', 'runtime_ms', 'iterations', 'samples']])"
   ]
  },
  {
   "cell_type": "code",
   "execution_count": 12,
   "id": "27a4a96e",
   "metadata": {},
   "outputs": [
    {
     "data": {
